  File: .2020-12-24%yfetch.bash
  Size: 2692      	Blocks: 16         IO Block: 4096   regular file
Device: 8,13	Inode: 2370742     Links: 1
Access: (0700/-rwx------)  Uid: (10300/ u0_a300)   Gid: (10300/ u0_a300)
Access: 2021-01-06 22:56:35.289341425 +0200
Modify: 2022-11-18 15:30:32.463376404 +0200
Change: 2022-11-18 15:30:32.463376404 +0200
 Birth: -
