  File: .
  Size: 4096      	Blocks: 16         IO Block: 4096   directory
Device: 8,13	Inode: 2392385     Links: 2
Access: (0700/drwx------)  Uid: (10300/ u0_a300)   Gid: (10300/ u0_a300)
Access: 2021-07-30 16:44:27.959265270 +0300
Modify: 2022-11-18 15:29:46.843371859 +0200
Change: 2022-11-18 15:29:46.843371859 +0200
 Birth: -
